0
0
0
0
0
0
0
0
0
0
0
0
0
0
0
0
16383
-5
26985
283
26987
571
26985
859
26981
1143
26983
1421
26984
1709
26983
1995
26984
2270
26984
2560
26985
2842
26983
3130
26981
3399
26985
3685
26984
3963
26984
4247
26981
4513
26988
4789
26981
5066
26980
5334
26984
5594
26985
5866
26984
6135
26987
6402
26986
6668
26979
6931
26982
7183
26983
7441
26981
7698
26980
7934
26983
8190
26982
8435
26983
8687
26982
8923
26983
9165
26979
9402
26981
9638
26980
9859
26984
10088
26981
10314
26980
10529
26982
10743
26982
10961
26984
11175
26978
11384
26980
11588
26984
11781
26987
11980
26984
12177
26984
12369
26980
12552
26982
12727
26983
12909
26982
13084
26981
13245
26987
13414
26983
13578
26983
13739
26984
13890
26984
14048
26982
14192
26982
14335
26982
14465
26985
14598
26984
14728
26983
14846
26984
14965
26984
15081
26986
15193
26978
15301
26980
15404
26979
15491
26981
15576
26986
15665
26985
15753
26981
15821
26983
15896
26984
15961
26983
16027
26981
16080
26984
16139
26984
16184
26982
16232
26981
16265
26985
16298
26982
16326
26981
16345
26983
16360
26982
16373
26983
16381
26981
16383
26985
16378
26987
16372
26985
16361
26981
16344
26983
16319
26984
16293
26983
16262
26984
16223
26984
16183
26985
16134
26983
16083
26981
16022
26985
15962
26984
15895
26984
15826
26981
15746
26988
15668
26981
15579
26980
15490
26984
15393
26985
15294
26984
15190
26987
15080
26986
14970
26979
14851
26982
14727
26983
14599
26981
14468
26980
14328
26983
14191
26981
14045
26983
13893
26982
13739
26983
13582
26979
13420
26981
13255
26980
13083
26984
12910
26981
12730
26980
12551
26982
12366
26982
12176
26984
11981
26978
11782
26980
11586
26984
11381
26987
11176
26984
10964
26984
10748
26980
10529
26982
10309
26983
10085
26982
9858
26981
9629
26987
9397
26983
9160
26983
8922
26984
8682
26984
8438
26982
8189
26982
7941
26982
7693
26985
7438
26984
7182
26983
6924
26984
6661
26984
6399
26986
6132
26978
5871
26980
5603
26979
5333
26981
5059
26986
4786
26985
4520
26981
4242
26983
3964
26984
3684
26983
3404
26981
3127
26984
2843
26984
2561
