0
0
0
0
0
0
0
0
0
0
0
0
0
0
0
0
2
-16381
-1
-16378
-1
-16372
-2
-16361
0
-16344
1
-16319
-1
-16293
0
-16262
-3
-16223
-1
-16183
-1
-16134
1
-16083
-1
-16022
-2
-15962
0
-15895
-2
-15826
-2
-15746
-1
-15668
1
-15583
-1
-15490
-1
-15393
1
-15294
-1
-15194
-2
-15080
-3
-14970
0
-14851
-1
-14727
-2
-14599
0
-14468
1
-14328
0
-14191
-1
-14045
-1
-13893
0
-13739
1
-13582
0
-13420
-1
-13255
-2
-13085
-1
-12912
0
-12732
0
-12551
0
-12366
0
-12176
-1
-11981
2
-11782
0
-11586
0
-11385
0
-11176
-3
-10964
1
-10748
0
-10531
0
-10311
1
-10087
0
-9860
1
-9631
-2
-9399
1
-9162
0
-8924
-2
-8685
0
-8439
0
-8192
-1
-7942
0
-7696
-1
-7441
0
-7185
-2
-6925
1
-6662
0
-6400
-3
-6133
2
-5872
0
-5604
-1
-5334
0
-5059
-1
-4786
-1
-4520
1
-4242
-2
-3964
-2
-3685
0
-3403
-2
-3127
-1
-2847
-1
-2561
0
-2279
-1
-1998
-3
-1714
0
-1428
-1
-1142
-1
-856
0
-570
-1
-285
1
2
-1
286
-1
572
-2
858
0
1146
1
1428
-1
1714
0
1998
-3
2279
-1
2563
-1
2847
1
3129
-1
3406
-2
3684
0
3966
-2
4242
-2
4520
-1
4786
1
5067
-1
5333
-1
5603
1
5871
-1
6140
-2
6405
-3
6661
0
6924
-1
7184
-2
7440
0
7695
1
7941
0
8191
1
8438
-1
8684
0
8922
1
9160
0
9397
-1
9629
-2
9862
-1
10089
0
10313
0
10531
0
10748
0
10964
-1
11176
2
11385
0
11585
0
11786
0
11981
-3
12176
1
12366
0
12553
0
12732
1
12912
0
13085
1
13255
-2
13420
1
13582
0
13739
-2
13895
0
14045
0
14191
1
14328
0
14468
-1
14599
0
14727
-2
14851
1
14970
0
15084
-3
15194
2
15294
0
15393
-1
15490
0
15583
-1
15668
-1
15746
1
15826
-2
15895
-2
15962
0
16022
-2
16083
-1
16134
-1
16183
