0
0
-1
-2
-3
-4
-5
-6
-7
-8
-9
-9
-2
-3
1
0
0
-1
-25732
1
-25446
0
-25160
0
-24878
0
-24592
-2
-24304
-2
-24018
-2
-23732
-2
-23444
0
-23160
-2
-22874
0
-22590
0
-22298
0
-22018
0
-21730
0
-21446
-6
-21154
2
-20876
4
-20592
0
-20302
-4
-20012
-2
-19728
4
-19438
-4
-19154
3
-18876
1
-18588
-1
-18300
-1
-18016
-1
-17734
-1
-17440
-1
-17156
-1
-16870
-1
-16586
1
-16300
3
-16016
1
-15728
3
-15444
1
-15152
1
-14870
1
-14584
-1
-14296
-1
-14010
-1
-13724
-1
-13444
-3
-13156
1
-12868
2
-12578
0
-12290
0
-12010
0
-11724
0
-11438
-2
-11150
-2
-10864
-2
-10582
-4
-10288
-2
-10006
-4
-9718
-2
-9434
0
-9148
0
-8864
0
-8576
0
-8294
0
-8000
0
-7718
0
-7432
-2
-7146
-4
-6858
-4
-6572
-5
-6296
1
-6006
3
-5722
-1
-5432
-5
-5142
-3
-4858
5
-4580
-1
-4286
-1
-4002
-1
-3716
-1
-3432
-1
-3144
1
-2860
-1
-2574
1
-2290
1
-1996
1
-1716
1
-1430
-1
-1142
-1
-856
-1
-570
-1
-288
0
2
1
288
1
574
1
856
-1
1142
-1
1430
-1
1716
-1
2002
-1
2290
-1
2574
-1
2860
-1
3144
-1
3436
1
3716
-1
4004
1
4288
-5
4580
3
4858
-5
5142
1
5432
-3
5722
-1
6006
-5
6296
-4
6580
4
6858
2
7146
0
7434
0
7718
0
8000
0
8294
0
8576
0
8864
0
9148
2
9434
4
9718
2
10006
4
10290
-2
10582
-2
10864
-2
11150
0
11438
0
11724
0
12010
0
12290
-2
12578
1
12866
-3
13156
1
13444
1
13724
1
14010
-1
14296
-1
14584
-1
14870
-1
15152
-3
15446
-1
15728
-3
16016
-1
16300
-1
16586
1
16870
-1
17156
1
17440
-1
17734
-1
18016
-1
18302
-1
18588
-3
18876
-4
19162
-4
19438
2
19728
4
20012
0
20302
-4
20592
-2
20876
6
21154
0
21448
0
21732
0
22018
0
22302
0
22590
-2
22874
0
