-1.75944575458508e-05
1.6467602576105527
0.01754173382775671
1.6467602578161291
0.0351127927042344
1.6467602575598377
0.052610153096792164
1.6467602576367366
0.07015412690809393
1.6467602577779445
0.08761019451540182
1.6467602571632725
0.10510554569027195
1.6467602578614804
0.1225665334015631
1.646760257433456
0.13991386036584624
1.6467602571944757
0.15729582656160926
1.6467602578635094
0.1746273115387711
1.6467602574083497
0.19184682901406716
1.6467602577753018
0.20905070825236446
1.6467602578653875
0.22620651534691985
1.646760257277432
0.24323137765458955
1.646760257795573
0.26024240161250856
1.6467602576046645
0.27715627474250143
1.6467602572481992
0.2939411808085175
1.646760257805226
0.3106957392929692
1.6467602575850784
0.3273333653067796
1.6467602574184035
0.34383181657698186
1.6467602577340827
0.36028350384507235
1.6467602576953244
0.37660798626888414
1.6467602573820792
0.39277595128405846
1.6467602577858966
0.40887739101070575
1.6467602576733948
0.42479899771146323
1.6467602575757836
0.44062997738339144
1.6467602578053335
0.4563380829270582
1.6467602576470775
0.47185333828861326
1.6467602576063305
0.487262130091592
1.6467602578142135
0.5025354995881026
1.6467602575644251
0.5175997193927593
1.6467602576318063
0.5325584610043848
1.646760257780391
0.5472969827948276
1.6467602571560955
0.561922711429957
1.6467602578609377
0.5763730415294834
1.6467602574490445
0.5905839980737635
1.646760257187636
0.6046763732286835
1.6467602578631144
0.6185804254182832
1.6467602574139626
0.6322475619226945
1.6467602577721971
0.6457545088764105
1.6467602578653018
0.6590749475241522
1.6467602572839641
0.6721451535463069
1.6467602577933533
0.6850423280171627
1.646760257865413
0.6977407465458175
1.6467602572547257
0.7101996036845698
1.6467602575301368
0.7224212284887238
1.6467602577075346
0.7344509750071654
1.6467602578523202
0.7462656360435623
1.64676025743057
0.7578086806816678
1.6467602577273586
0.7691594783182251
1.646760257702798
0.7802621245421227
1.646760257380589
0.7910957630202108
1.6467602577481137
0.80172451213189
1.6467602576784188
0.8120955398721584
1.646760257354011
0.82219117044793
1.6467602577972302
0.8320673057490641
1.6467602576555558
0.8416545049120443
1.6467602575969194
0.8510126273683357
1.6467602578556
0.8601096647695198
1.6467602572064746
0.8689118913256881
1.64676025783837
0.8774685535930307
1.646760257851507
0.885734268093772
1.646760257128862
0.8937547188844064
1.6467602578461602
0.9014999257736659
1.6467602574608011
0.9089341489931164
1.6467602571892006
0.9161212222176562
1.646760257863216
0.9230244020662294
1.6467602574229818
0.9296144596587609
1.6467602572199878
0.9359473724895333
1.646760257864643
0.941990465866713
1.6467602573868407
0.9477237024528795
1.6467602577839473
0.953177924443149
1.646760257844312
0.9583441554891483
1.6467602575350653
0.9631984649036411
1.6467602577042075
0.9677682759406602
1.646760257851119
0.9720436929525037
1.6467602574360456
0.9760050789232061
1.646760257724165
0.9796796824606423
1.6467602577061393
0.9830484657492299
1.6467602573971125
0.9861064925417665
1.6467602577452427
0.9888713739953108
1.6467602576820957
0.9913284722250102
1.6467602573599505
0.9934748777203661
1.6467602577945262
0.995322159698169
1.6467602576593547
0.9968573178730626
1.6467602575924745
0.9980900058795381
1.6467602578578329
0.9990146835723388
1.6467602572132194
0.9996292062422762
1.6467602578369458
0.9999373992567081
1.6467602578524732
0.9999373992567081
1.646760257852473
0.9996292062422762
1.6467602578369456
0.9990146835723388
1.6467602572132194
0.9980900058795381
1.6467602578578329
0.9968573178730626
1.6467602575924745
0.995322159698169
1.6467602576593547
0.9934748777203661
1.646760257794526
0.9913284722250102
1.6467602573599505
0.9888713739953108
1.6467602576820952
0.9861064925417665
1.6467602577452425
0.9830484657492299
1.6467602573971123
0.9796796824606423
1.6467602577061393
0.9760050789232061
1.646760257724165
0.9720436929525037
1.6467602574360456
0.9677682759406602
1.6467602578511187
0.9631984649036411
1.6467602577042078
0.9583441554891483
1.6467602575350653
0.953177924443149
1.6467602578443121
0.9477237024528795
1.6467602577839473
0.941990465866713
1.6467602573868407
0.9359473724895333
1.646760257864643
0.9296144596587609
1.646760257219987
0.9230244020662294
1.6467602574229818
0.9161212222176562
1.6467602578632161
0.9089341489931164
1.6467602571892006
0.9014999257736659
1.6467602574608007
0.8937547188844064
1.64676025784616
0.885734268093772
1.646760257128862
0.8774685535930307
1.646760257851507
0.8689118913256881
1.64676025783837
0.8601096647695198
1.6467602572064746
0.8510126273683357
1.6467602578555995
0.8416545049120443
1.6467602575969196
0.8320673057490641
1.6467602576555558
0.82219117044793
1.6467602577972302
0.8120955398721584
1.646760257354011
0.80172451213189
1.6467602576784188
0.7910957630202108
1.6467602577481137
0.7802621245421227
1.6467602573805886
0.7691594783182251
1.646760257702798
0.7578086806816678
1.646760257727358
0.7462656360435623
1.64676025743057
0.7344509750071654
1.64676025785232
0.7224212284887238
1.6467602577075346
0.7101996036845698
1.6467602575301368
0.6977407465458175
1.6467602572547257
0.6850423280171627
1.6467602578654128
0.6721451535463069
1.6467602577933536
0.6590749475241522
1.6467602572839641
0.6457545088764105
1.6467602578653016
0.6322475619226945
1.6467602577721971
0.6185804254182832
1.6467602574139628
0.6046763732286835
1.6467602578631144
0.5905839980737635
1.6467602571876359
0.5763730415294834
1.6467602574490445
0.561922711429957
1.6467602578609377
0.5472969827948276
1.6467602571560958
0.5325584610043848
1.646760257780391
0.5175997193927593
1.6467602576318066
0.5025354995881026
1.6467602575644251
0.487262130091592
1.6467602578142135
0.47185333828861326
1.6467602576063305
0.4563380829270582
1.6467602576470777
0.44062997738339144
1.6467602578053335
0.42479899771146323
1.6467602575757836
0.40887739101070575
1.6467602576733948
0.39277595128405846
1.6467602577858966
0.37660798626888414
1.6467602573820792
0.36028350384507235
1.6467602576953244
0.34383181657698186
1.6467602577340827
0.3273333653067796
1.6467602574184035
0.3106957392929692
1.6467602575850784
0.2939411808085175
1.646760257805226
0.27715627474250143
1.6467602572481992
0.26024240161250856
1.646760257604665
0.24323137765458955
1.646760257795573
0.22620651534691985
1.6467602572774322
0.20905070825236446
1.6467602578653875
0.19184682901406716
1.6467602577753018
0.1746273115387711
1.6467602574083495
0.15729582656160926
1.6467602578635094
0.13991386036584624
1.646760257194476
0.1225665334015631
1.646760257433456
0.10510554569027195
1.6467602578614808
0.08761019451540182
1.6467602571632725
0.07015412690809393
1.6467602577779445
0.052610153096792164
1.6467602576367366
0.0351127927042344
1.6467602575598377
0.01754173382775671
1.6467602578161291
-1.75944575458508e-05
1.6467602576105527
