1.759488216309228e-05
-1.5708139216770598
7.73995109267609e-06
-1.5532532697985606
-1.926587551920797e-05
-1.535675467024519
1.6666727247476225e-05
-1.518160602679857
-1.0309297383298361e-05
-1.5005828297077968
2.9202813413329645e-05
-1.4830715448711653
2.19698680122354e-06
-1.4654937420971237
-2.29055656397409e-05
-1.447917842597254
2.854659342435017e-05
-1.4304184978088887
1.537041532603744e-06
-1.412840691309568
-2.3561785628720374e-05
-1.3952647955349775
1.0463818710585391e-05
-1.3777480241918876
2.858326204058474e-07
-1.3601870492583692
-2.672371927134058e-05
-1.3426092427590484
9.212608774983938e-06
-1.3250943821396657
-1.779694311676249e-05
-1.3075165756403448
-2.73799392605421e-05
-1.2899561956967718
8.552664529545654e-06
-1.272441331353133
-1.845316208256045e-05
-1.2548635285790914
-2.330120959556565e-05
-1.2373078835841498
1.2631394081057308e-05
-1.2197930192403978
-1.4374432531270842e-05
-1.2022152164663562
-2.4229363601464988e-05
-1.184654564587857
9.829767998590572e-06
-1.1671378267720276
-1.5272784442373867e-05
-1.149561927272158
1.8756544153390707e-05
-1.132045159653324
8.545030802461368e-06
-1.1144841511925452
-1.6285586712088534e-05
-1.0969085236276017
1.774001762721723e-05
-1.0793917522845118
7.888811836663405e-06
-1.0618311041312918
-1.9120740055305066e-05
-1.044253297631971
1.6845389972573015e-05
-1.0267384668145696
-1.0164161919173412e-05
-1.0091606603152488
2.935167415731696e-05
-0.9916493792038962
2.3421222654595117e-06
-0.9740715727045753
-2.248849524909039e-05
-0.9564959451396321
2.8691728888586142e-05
-0.9389963284163406
1.6859022763690146e-06
-0.9214185256422994
-2.3416650164706446e-05
-0.9038426261424294
1.0642481435460136e-05
-0.8863258883266006
4.3096808475284165e-07
-0.8687648798658204
-2.657485852757531e-05
-0.8511870770917792
9.357744239441954e-06
-0.8336722127471171
-2.252519044486778e-07
-0.8161118328035445
-2.7234803796195104e-05
-0.7985340263042237
-2.01803307660469e-05
-0.7809902838298249
1.3848998852677141e-05
-0.7634735162120149
3.994067782371973e-06
-0.7459128643335154
-2.2981956848402614e-05
-0.7283350913614556
1.2950645918392604e-05
-0.7108202270167935
-1.4055180693824524e-05
-0.6932424242427523
-2.426669404464284e-05
-0.675681415781972
1.1937844672081494e-05
-0.6581668233732599
-1.5071707219886977e-05
-0.6405890168739391
-2.4922913010551825e-05
-0.6230283687207193
9.102690305461405e-06
-0.6055115973766064
-1.5966334874531194e-05
-0.5879357314039974
1.805926946466355e-05
-0.5704189600609076
-3.459585028833007e-06
-0.5528466442589849
-2.8290202543271887e-05
-0.5352710166940416
5.735400772741344e-06
-0.5177542453499288
-4.115805017923504e-06
-0.500193597196709
2.9909799321215727e-05
-0.482676825853619
4.840774141167617e-06
-0.4651009598810099
-2.216877775063432e-05
-0.4475231533816891
2.8658589386113874e-05
-0.4300231838013967
1.6490374942564253e-06
-0.41244537730207587
-2.3181580020182454e-05
-0.3948697497371324
2.799864514062008e-05
-0.3773701330148641
9.92818528180907e-07
-0.3597923302408229
-2.4109733912839043e-05
-0.34221643074095276
9.949397573696213e-06
-0.32469969292501044
5.067357139153511e-06
-0.30714401393714685
-2.0031470022226118e-05
-0.28956811816255634
1.3994134316913113e-05
-0.2720513468194665
4.172730507690807e-06
-0.2544907284682283
-2.2836821384388687e-05
-0.23691292196890726
1.3099506662046852e-05
-0.21939806134952475
-1.3910045229699574e-05
-0.20182025485020386
-2.384962365388131e-05
-0.1842595183243507
1.2082980136095421e-05
-0.16674465398071167
-1.4922846476010685e-05
-0.14916685120667048
-2.4777777546315853e-05
-0.13160619932817116
9.281353030669217e-06
-0.11408946151131914
-1.5821199410295222e-05
-0.09651356201144907
1.8208130208317797e-05
-0.0789967943936389
-3.0425146381824984e-06
-0.061424746801363374
-2.8145067079146937e-05
-0.04384884730149329
5.884261516506614e-06
-0.02633207968265995
-3.970669553798555e-06
-0.008771427804160646
3.970669554020599e-06
0.008771427804160646
-5.8842615162845695e-06
0.02633207968265995
2.8145067079146937e-05
0.04384884730149329
3.0425146381824984e-06
0.061424746801363374
-1.8208130208317797e-05
0.0789967943936389
1.5821199410517267e-05
0.09651356201144907
-9.281353030447172e-06
0.11408946151131914
2.4777777546537898e-05
0.13160619932817116
1.492284647623273e-05
0.14916685120667048
-1.2082980135873376e-05
0.16674465398071167
2.3849623654103354e-05
0.1842595183243507
1.3910045229699574e-05
0.20182025485020386
-1.3099506662046852e-05
0.21939806134952475
2.2836821384388687e-05
0.23691292196890726
-4.172730507468762e-06
0.2544907284682283
-1.3994134316691069e-05
0.2720513468194665
2.0031470022503674e-05
0.28956811816255634
-5.067357138875955e-06
0.30714401393714685
-9.949397573696213e-06
0.32469969292501044
2.4109733912839043e-05
0.34221643074095276
-9.92818528180907e-07
0.3597923302408229
-2.7998645140342524e-05
0.3773701330148641
2.31815800204045e-05
0.3948697497371324
-1.6490374939788696e-06
0.41244537730207587
-2.8658589385836318e-05
0.4300231838013967
2.2168777750911876e-05
0.4475231533816891
-4.840774140945573e-06
0.4651009598810099
-2.9909799321215727e-05
0.482676825853619
4.115805018034527e-06
0.500193597196709
-5.735400772630321e-06
0.5177542453499288
2.829020254349393e-05
0.5352710166940416
3.4595850290550517e-06
0.5528466442589849
-1.8059269464330482e-05
0.5704189600609076
1.596633487486426e-05
0.5879357314039974
-9.102690305461405e-06
0.6055115973766064
2.4922913010551825e-05
0.6230283687207193
1.5071707219886977e-05
0.6405890168739391
-1.1937844671859449e-05
0.6581668233732599
2.4266694044753863e-05
0.675681415781972
1.4055180693824524e-05
0.6932424242427523
-1.295064591817056e-05
0.7108202270167935
2.2981956848402614e-05
0.7283350913614556
-3.99406778226095e-06
0.7459128643335154
-1.3848998852677141e-05
0.7634735162120149
2.0180330766379967e-05
0.7809902838298249
2.7234803796306127e-05
0.7985340263042237
2.252519047817447e-07
0.8161118328035445
-9.357744239108887e-06
0.8336722127471171
2.657485852757531e-05
0.8511870770917792
-4.3096808441977474e-07
0.8687648798658204
-1.0642481435460136e-05
0.8863258883266006
2.3416650165039513e-05
0.9038426261424294
-1.6859022762579923e-06
0.9214185256422994
-2.8691728888142053e-05
0.9389963284163406
2.2488495249201413e-05
0.9564959451396321
-2.3421222654595117e-06
0.9740715727045753
-2.9351674156983894e-05
0.9916493792038962
1.0164161919173412e-05
1.0091606603152488
-1.684538997235097e-05
1.0267384668145696
1.9120740055305066e-05
1.044253297631971
-7.888811836219316e-06
1.0618311041312918
-1.774001762721723e-05
1.0793917522845118
1.628558671186649e-05
1.0969085236276017
-8.545030802239323e-06
1.1144841511925452
-1.8756544153390707e-05
1.132045159653324
1.527278444259591e-05
1.149561927272158
-9.829767998590572e-06
1.1671378267720276
2.4229363601909077e-05
1.184654564587857
1.4374432531270842e-05
1.2022152164663562
-1.263139408061322e-05
1.2197930192403978
2.330120959556565e-05
1.2373078835841498
1.845316208256045e-05
1.2548635285790914
-8.55266452932361e-06
1.272441331353133
2.73799392605421e-05
1.2899561956967718
1.7796943116984533e-05
1.3075165756403448
-9.212608774983938e-06
1.3250943821396657
2.6723719271784668e-05
1.3426092427590484
-2.858326204058474e-07
1.3601870492583692
-1.0463818709919257e-05
1.3777480241918876
2.356178562894242e-05
1.3952647955349775
-1.537041532603744e-06
1.412840691309568
-2.8546593424128126e-05
1.4304184978088887
2.29055656397409e-05
1.447917842597254
-2.196986801001495e-06
1.4654937420971237
-2.9202813413329645e-05
1.4830715448711653
1.0309297383964495e-05
1.5005828297077968
-1.666672724725418e-05
1.518160602679857
1.926587551920797e-05
1.535675467024519
-7.73995109267609e-06
1.5532532697985606
-1.759488216309228e-05
1.5708139216770598
