-0.999975866899777
2.897455268662266e-05
-0.9998219952900824
1.2745843857319329e-05
-0.9993592079327808
-3.1726278135963934e-05
-0.9985909605452361
2.7446104058657966e-05
-0.9975119714415904
-1.69769412169572e-05
-0.9961306081576345
4.8090032540218704e-05
-0.994436804908525
3.6179105513836987e-06
-0.9924359826111954
-3.771997517603443e-05
-0.9901393065468376
4.700939554249063e-05
-0.9875270921032122
2.53113891075234e-06
-0.9846100937712687
-3.8800612173974566e-05
-0.9814002898352808
1.723140079790299e-05
-0.9778801235686869
4.706977998277949e-07
-0.9740545914404024
-4.400755883313448e-05
-0.9699434167083026
1.517095800175333e-05
-0.9655183204344076
-2.9307298634627263e-05
-0.9607997367101975
-4.5088195831189026e-05
-0.955798261620317
1.4084188045988343e-05
-0.9504840305216711
-3.038793394753982e-05
-0.9448833804488594
-3.837150591858789e-05
-0.9390055466294641
2.080087777361277e-05
-0.9328169871677099
-2.367124422107727e-05
-0.9263466734274063
-3.98999530481883e-05
-0.9196079527627131
1.61872712840707e-05
-0.9125628821137776
-2.5150614445717073e-05
-0.9052610376211174
3.088753148495116e-05
-0.8976619395533252
1.40716171276808e-05
-0.8897793483566491
-2.6818456972209814e-05
-0.8816496820378359
2.9213556000920515e-05
-0.8732281209799246
1.2990981814347768e-05
-0.8645286613787088
-3.148727482200698e-05
-0.8555946851027433
2.7740318733792325e-05
-0.846364708801216
-1.6737937902711637e-05
-0.8369096410695747
4.833517049715482e-05
-0.827160565471258
3.85691386580154e-06
-0.8171571768574133
-3.703316023218524e-05
-0.8069462658137371
4.7248398856729687e-05
-0.796440969784033
2.7762768673700696e-06
-0.7856907737659018
-3.856160886002583e-05
-0.7747352806825919
1.7525615472724305e-05
-0.7635134897022526
7.097011143547744e-07
-0.7520451769924211
-4.376242087636864e-05
-0.7403868092124124
1.5409961316637216e-05
-0.7284701390697852
-3.709358843445072e-07
-0.7163166794799709
-4.4849192516721034e-05
-0.7039660912414787
-3.323216669375559e-05
-0.6914183272956894
2.280598092119961e-05
-0.678626185762493
6.577272091267887e-06
-0.6656120004567401
-3.784577318254868e-05
-0.6524398349081972
2.1326609011537048e-05
-0.6390191167756736
-2.3145512982850564e-05
-0.625414064197903
-3.9961427338476114e-05
-0.6116528659484853
1.9658768170196527e-05
-0.5976533621911689
-2.4819488466891068e-05
-0.5834831349844423
-4.104206265167344e-05
-0.5691690556671092
1.4989948634495177e-05
-0.5546311687914942
-2.6292725733968518e-05
-0.5399716928254554
2.9739287238924243e-05
-0.5250992694254751
-5.697107134125366e-06
-0.510061858269749
-4.6587181228906075e-05
-0.4949180334200212
9.444830055488319e-06
-0.47958385309232493
-6.777744132618066e-06
-0.4641406478815616
4.925426883560907e-05
-0.44850221533832046
7.971594472967897e-06
-0.4327234896808822
-3.650666216225188e-05
-0.41688181476970726
4.719382604113953e-05
-0.4008411666657424
2.7155694092400112e-06
-0.38467868134562067
-3.817450468829566e-05
-0.368468032649884
4.610705608574529e-05
-0.35207137148803275
1.6349340955612067e-06
-0.33556772328061996
-3.9702951631444273e-05
-0.31901648625193574
1.6384272513940034e-05
-0.30233024831428323
8.344722349162812e-06
-0.285531459442418
-3.298702873714949e-05
-0.26870141774615725
2.3044984235762395e-05
-0.2517464970448802
6.871486766741805e-06
-0.23469723833650902
-3.760676986849583e-05
-0.21763690084089976
2.1571746968240734e-05
-0.20044813410291654
-2.2906509668702025e-05
-0.18321421527711998
-3.927461239448173e-05
-0.1659690334324479
1.9897771484204546e-05
-0.14861070077269709
-2.4574350510135834e-05
-0.13122345387754708
-4.0803059337235655e-05
-0.11383936942037737
1.5284163309871192e-05
-0.09636147106234139
-2.6053722419586482e-05
-0.0789127524196785
2.998442519552336e-05
-0.061384646736044476
-5.010292190036131e-06
-0.04383373926993926
-4.634817791491272e-05
-0.02632840137497904
9.689968012214347e-06
-0.008771103650979712
-6.538740818124704e-06
0.008771103650979712
6.538740818581322e-06
0.02632840137497904
-9.689968011826683e-06
0.04383373926993926
4.634817791491272e-05
0.061384646736044476
5.010292190036131e-06
0.0789127524196785
-2.998442519552336e-05
0.09636147106234139
2.6053722420072205e-05
0.11383936942037737
-1.5284163309543593e-05
0.13122345387754708
4.080305933762423e-05
0.14861070077269709
2.4574350510445794e-05
0.1659690334324479
-1.9897771483865252e-05
0.18321421527711998
3.927461239506083e-05
0.20044813410291654
2.2906509668702025e-05
0.21763690084089976
-2.1571746968240734e-05
0.23469723833650902
3.760676986849583e-05
0.2517464970448802
-6.871486766258095e-06
0.26870141774615725
-2.304498423530632e-05
0.285531459442418
3.298702873737153e-05
0.30233024831428323
-8.344722348774376e-06
0.31901648625193574
-1.6384272513940034e-05
0.33556772328061996
3.9702951631444273e-05
0.35207137148803275
-1.6349340955612067e-06
0.368468032649884
-4.610705608519885e-05
0.38467868134562067
3.817450468876751e-05
0.4008411666657424
-2.7155694088170165e-06
0.41688181476970726
-4.719382604062952e-05
0.4327234896808822
3.650666216261502e-05
0.44850221533832046
-7.971594472602013e-06
0.4641406478815616
-4.925426883560907e-05
0.47958385309232493
6.777744132729089e-06
0.4949180334200212
-9.444830055266274e-06
0.510061858269749
4.658718122937792e-05
0.5250992694254751
5.697107134593402e-06
0.5399716928254554
-2.9739287238286807e-05
0.5546311687914942
2.629272573457914e-05
0.5691690556671092
-1.4989948634495177e-05
0.5834831349844423
4.104206265167344e-05
0.5976533621911689
2.4819488466891068e-05
0.6116528659484853
-1.9658768169752438e-05
0.625414064197903
3.996142733878843e-05
0.6390191167756736
2.3145512982850564e-05
0.6524398349081972
-2.1326609011142215e-05
0.6656120004567401
3.784577318254868e-05
0.678626185762493
-6.577272090950385e-06
0.6914183272956894
-2.280598092119961e-05
0.7039660912414787
3.3232166694440806e-05
0.7163166794799709
4.484919251699859e-05
0.7284701390697852
3.709358847466988e-07
0.7403868092124124
-1.540996131609962e-05
0.7520451769924211
4.376242087636864e-05
0.7635134897022526
-7.097011139131315e-07
0.7747352806825919
-1.7525615472724305e-05
0.7856907737659018
3.8561608860478425e-05
0.796440969784033
-2.7762768672590473e-06
0.8069462658137371
-4.724839885599486e-05
0.8171571768574133
3.703316023240729e-05
0.827160565471258
-3.85691386580154e-06
0.8369096410695747
-4.833517049666622e-05
0.846364708801216
1.6737937902711637e-05
0.8555946851027433
-2.7740318733519926e-05
0.8645286613787088
3.148727482200698e-05
0.8732281209799246
-1.2990981813633062e-05
0.8816496820378359
-2.9213556000920515e-05
0.8897793483566491
2.6818456971967028e-05
0.8976619395533252
-1.4071617127222833e-05
0.9052610376211174
-3.088753148495116e-05
0.9125628821137776
2.515061444605014e-05
0.9196079527627131
-1.61872712840707e-05
0.9263466734274063
3.989995304899321e-05
0.9328169871677099
2.367124422107727e-05
0.9390055466294641
-2.0800877772788778e-05
0.9448833804488594
3.837150591858789e-05
0.9504840305216711
3.038793394753982e-05
0.955798261620317
-1.4084188045766298e-05
0.9607997367101975
4.5088195831189026e-05
0.9655183204344076
2.930729863487694e-05
0.9699434167083026
-1.517095800175333e-05
0.9740545914404024
4.400755883372337e-05
0.9778801235686869
-4.706977998277949e-07
0.9814002898352808
-1.7231400796876033e-05
0.9846100937712687
3.880061217434109e-05
0.9875270921032122
-2.53113891075234e-06
0.9901393065468376
-4.700939554192127e-05
0.9924359826111954
3.771997517603443e-05
0.994436804908525
-3.6179105510932274e-06
0.9961306081576345
-4.8090032540218704e-05
0.9975119714415904
1.6976941218095177e-05
0.9985909605452361
-2.7446104058269388e-05
0.9993592079327808
3.1726278135963934e-05
0.9998219952900824
-1.2745843857319329e-05
0.999975866899777
-2.897455268662266e-05
